f(9)=9
f1(0)=1, f2(0)=2
a=9, h1(0)=9, h2(0)=9
e1=-3.9999997021194, compared to -4
e2=1.77245411516459, compared to 1.77245385090552
e3=1.32934074343692, compared to 1.32934040884396
