Testing A)
The random Square matrix A

     0.726      0.817      0.768      0.558      0.206 
     0.559      0.906      0.442      0.978      0.274 
     0.292      0.467      0.633       0.47      0.982 
    0.0304      0.862      0.995      0.677      0.315 
     0.817      0.848      0.992     0.0326        0.7 
The random Vector B for the Linear system Ax=B
     0.526      0.934      0.688      0.547     0.0811 
The matrix Q

     0.575    -0.0843     0.0162      0.303     -0.755 
     0.443      0.251     -0.807     0.0176      0.299 
     0.231      0.124      0.358       0.76      0.475 
    0.0241       0.94      0.244      -0.18     -0.154 
     0.647     -0.176      0.401     -0.546      0.302 
The matrix R

      1.26       1.55       1.45        0.9      0.927 
         0      0.878      0.886      0.887      0.346 
         0          0      0.523     -0.433      0.492 
         0          0          0      0.403      0.374 
         0          0          0          0      0.556 
Solution to the system QRx=b
     0.194      -0.41     0.0458       1.13      0.268 
Ax=b, should be equal to the random vector B
     0.526      0.934      0.688      0.547     0.0811 
Testing B)
Random square matrix A for inversion

     0.187      0.453      0.297      0.989      0.643 
     0.763     0.0304      0.381      0.343      0.957 
     0.505      0.716      0.119      0.273      0.907 
     0.795      0.337      0.457      0.147      0.221 
      0.41      0.719       0.62      0.488      0.195 
AA^-1 = I

         1   2.22e-16   3.33e-16   2.22e-16  -2.78e-16 
         0          1  -3.89e-16  -4.44e-16   1.11e-16 
  4.44e-16          0          1   6.66e-16  -4.44e-16 
  1.94e-16          0   3.75e-16          1   1.94e-16 
         0  -5.55e-17  -4.58e-16  -2.22e-16          1 
